# jours_écoulés 	 nombreTotalContaminésGrippe 	 nombreTotalContaminésAgentPathogène()
0	0	19972
1	0	20155
2	0	21536
3	0	23069
4	0	24813
5	0	26578
6	0	28454
7	0	30376
8	0	32487
9	0	34642
10	0	36834
11	0	39005
12	0	41190
13	0	43577
14	0	45735
15	0	47879
16	0	49730
17	0	51473
18	0	52947
19	0	54189
20	0	55115
21	0	55737
22	0	56088
23	0	56298
24	0	56383
25	0	56340
26	0	56201
27	0	56034
28	0	55835
29	0	55631
30	0	55399
31	0	55215
32	0	55087
33	0	55015
34	0	54852
35	0	54735
36	0	54686
37	0	54591
38	0	54524
39	0	54490
40	0	54433
41	0	54361
42	0	54371
43	0	54283
44	0	54237
45	0	54244
46	0	54158
47	0	54167
48	0	54081
49	0	54076
50	0	54167
51	0	54196
52	0	54141
53	0	54063
54	0	54144
55	0	54140
56	0	54199
57	0	54179
58	0	54190
59	0	54243
60	0	54302
61	0	54276
62	0	54201
63	0	54202
64	0	54255
65	0	54197
66	0	54098
67	0	54109
68	0	54087
69	0	54159
70	0	54137
71	0	54152
72	19	54089
73	25	54067
74	28	54086
75	42	54099
76	59	54155
77	67	54181
78	98	54108
79	122	54130
80	156	54077
81	197	54124
82	253	54233
83	326	54209
84	422	54232
85	550	54201
86	685	54306
87	864	54285
88	1069	54307
89	1293	54343
90	1629	54312
91	1915	54237
92	2313	54209
93	2686	54110
94	3070	54201
95	3429	54163
96	3824	54259
97	4196	54263
98	4601	54310
99	5036	54323
100	5415	54208
101	5897	54203
102	6212	54233
103	6519	54179
104	6783	54123
105	7153	54071
106	7490	54084
107	7752	54022
108	8048	54246
109	8292	54245
110	8465	54257
111	8709	54316
112	8825	54232
113	9028	54102
114	9146	54125
115	9127	54133
116	9153	54184
117	8998	54174
118	8935	54293
119	8802	54292
120	8644	54385
121	8317	54357
122	8065	54284
123	7777	54315
124	7429	54390
125	7054	54474
126	6699	54576
127	6451	54654
128	6086	54746
129	5771	54701
130	5395	54663
131	5031	54756
132	4679	54756
133	4396	54667
134	4031	54614
135	3744	54611
136	3422	54630
137	3101	54663
138	2801	54727
139	2473	54913
140	2210	54854
141	1972	54848
142	1673	54730
143	1414	54736
144	1225	54754
145	1039	54788
146	887	54654
147	705	54564
148	552	54564
149	437	54545
150	356	54391
151	279	54318
152	217	54357
153	161	54340
154	120	54341
155	84	54256
156	65	54113
157	49	53991
158	36	54066
159	25	54004
160	23	53918
161	19	53956
162	10	53973
163	9	54050
164	7	54208
165	5	54197
166	3	54240
167	4	54184
168	2	54210
169	1	54153
170	1	54075
171	1	54029
172	0	54059
173	0	54103
174	1	54066
175	1	54054
176	1	54090
177	0	53994
178	0	54034
179	0	54088
180	0	54060
181	0	54129
182	0	54167
183	0	54165
184	0	54177
185	0	54153
186	0	54146
187	0	54214
188	0	54204
189	0	54401
190	0	54442
191	0	54451
192	0	54513
193	0	54540
194	0	54523
195	0	54494
196	0	54578
197	0	54716
198	0	54736
199	0	54634
200	0	54566
201	0	54610
202	0	54510
203	0	54561
204	0	54503
205	0	54473
206	0	54529
207	0	54572
208	0	54571
209	0	54553
210	0	54454
211	0	54454
212	0	54405
213	0	54473
214	0	54479
215	0	54449
216	0	54388
217	0	54283
218	0	54220
219	0	54235
220	0	54180
221	0	54230
222	0	54220
223	0	54274
224	0	54339
225	0	54238
226	0	54224
227	0	54158
228	0	54173
229	0	54194
230	0	54186
231	0	54074
232	0	54110
233	0	54143
234	0	54103
235	0	54153
236	0	54151
237	0	54144
238	0	53995
239	0	54080
240	0	54186
241	0	54165
242	0	54196
243	0	54176
244	0	54222
245	0	54216
246	0	54219
247	0	54262
248	0	54147
249	0	54150
250	0	54205
251	0	54188
252	0	54094
253	0	54133
254	0	54126
255	0	54217
256	0	54155
257	0	54208
258	0	54217
259	0	54330
260	0	54286
261	0	54314
262	0	54439
263	0	54402
264	0	54455
265	0	54501
266	0	54434
267	0	54601
268	0	54643
269	0	54730
270	0	54873
271	0	54891
272	0	54822
273	0	54811
274	0	54738
275	0	54880
276	0	54877
277	0	54942
278	0	54871
279	0	54976
280	0	54937
281	0	54781
282	0	54796
283	0	54754
284	0	54735
285	0	54634
286	0	54482
287	0	54535
288	0	54567
289	0	54452
290	0	54430
291	0	54425
292	0	54431
293	0	54407
294	0	54344
295	0	54341
296	0	54371
297	0	54473
298	0	54492
299	0	54424
300	0	54358
301	0	54392
302	0	54519
303	0	54465
304	0	54397
305	0	54444
306	0	54388
307	0	54450
308	0	54439
309	0	54394
310	0	54330
311	0	54405
312	0	54417
313	0	54430
314	0	54502
315	0	54506
316	0	54499
317	0	54450
318	0	54416
319	0	54334
320	0	54316
321	0	54489
322	0	54425
323	0	54352
324	0	54335
325	0	54394
326	0	54348
327	0	54353
328	0	54428
329	0	54509
330	0	54548
331	0	54552
332	0	54581
333	0	54476
334	0	54510
335	0	54477
336	0	54427
337	0	54392
338	0	54378
339	0	54382
340	0	54322
341	0	54324
342	0	54342
343	0	54396
344	0	54560
345	0	54549
346	0	54576
347	0	54546
348	0	54522
349	0	54508
350	0	54456
351	0	54378
352	0	54423
353	0	54573
354	0	54626
355	0	54669
356	0	54770
357	0	54722
358	0	54633
359	0	54709
360	0	54678
361	0	54703
362	0	54660
363	0	54598
364	0	54492
365	0	54401
366	0	54585
367	0	54501
368	0	54427
369	0	54566
370	0	54534
371	0	54545
372	0	54507
373	0	54504
374	0	54444
375	0	54458
376	0	54469
377	0	54505
378	0	54431
379	0	54342
380	0	54406
381	0	54410
382	0	54443
383	0	54439
384	0	54451
385	0	54385
386	0	54413
387	0	54542
388	0	54475
389	0	54488
390	0	54461
391	0	54422
392	0	54480
393	0	54335
394	0	54249
395	0	54282
396	0	54196
397	0	54208
398	0	54170
399	0	54129
400	0	54065
401	0	54118
402	0	54051
403	0	54047
404	0	53948
405	0	53833
406	0	53909
407	0	53999
408	0	53995
409	0	54020
410	0	53930
411	0	53882
412	0	53941
413	0	53968
414	0	54006
415	0	54028
416	0	54008
417	0	54094
418	0	54187
419	0	54043
420	0	54038
421	0	54054
422	0	54112
423	0	54114
424	0	54098
425	0	54040
426	0	54036
427	0	54148
428	0	54199
429	0	54277
430	0	54380
431	0	54167
432	0	54124
433	0	54111
434	0	54176
435	0	54190
436	0	54204
437	19	54254
438	25	54183
439	28	54218
440	43	54344
441	56	54338
442	60	54330
443	87	54382
444	104	54415
445	142	54361
446	183	54350
447	227	54322
448	301	54302
449	409	54309
450	505	54359
451	639	54217
452	795	54164
453	970	54101
454	1172	54141
455	1369	54183
456	1637	54227
457	1863	54169
458	2116	54209
459	2389	54136
460	2690	54136
461	3026	54061
462	3361	54072
463	3688	54101
464	4004	54213
465	4383	54332
466	4707	54353
467	5019	54337
468	5275	54316
469	5579	54415
470	5887	54519
471	6142	54522
472	6421	54497
473	6656	54541
474	6897	54614
475	6991	54659
476	7143	54615
477	7201	54567
478	7177	54576
479	7215	54684
480	7303	54718
481	7245	54684
482	7215	54611
483	7231	54702
484	7232	54796
485	7198	54839
486	7157	54832
487	7040	54841
488	7066	54779
489	6954	54830
490	6891	54757
491	6762	54716
492	6643	54823
493	6514	54955
494	6303	54924
495	5986	54936
496	5683	54933
497	5453	54869
498	5150	54922
499	4927	54914
500	4654	54915
501	4442	55005
502	4194	54983
503	3969	55007
504	3604	55050
505	3416	55055
506	3239	55032
507	3070	54916
508	2856	54910
509	2709	54763
510	2591	54726
511	2444	54730
512	2343	54630
513	2257	54663
514	2148	54637
515	2062	54492
516	1999	54496
517	1840	54470
518	1749	54313
519	1653	54217
520	1443	54219
521	1242	54344
522	1051	54395
523	908	54387
524	721	54402
525	577	54361
526	481	54343
527	398	54303
528	310	54329
529	249	54334
530	177	54196
531	120	54190
532	98	54134
533	76	54157
534	62	54261
535	45	54174
536	36	54221
537	30	54220
538	20	54197
539	18	54180
540	12	54228
541	9	54227
542	8	54305
543	4	54327
544	2	54416
545	2	54516
546	2	54561
547	2	54491
548	2	54455
549	2	54476
550	3	54406
551	2	54382
552	2	54424
553	1	54441
554	1	54548
555	0	54543
556	0	54513
557	0	54660
558	0	54657
559	0	54739
560	0	54616
561	0	54408
562	0	54484
563	0	54541
564	0	54455
565	0	54418
566	0	54425
567	0	54502
568	0	54501
569	0	54456
570	0	54613
571	0	54736
572	0	54809
573	0	54814
574	0	54802
575	0	54793
576	0	54760
577	0	54837
578	0	54679
579	0	54798
580	0	54676
581	0	54714
582	0	54611
583	0	54551
584	0	54626
585	0	54624
586	0	54638
587	0	54684
588	0	54663
589	0	54690
590	0	54766
591	0	54791
592	0	54691
593	0	54791
594	0	54584
595	0	54549
596	0	54522
597	0	54582
598	0	54523
599	0	54525
600	0	54570
601	0	54564
602	0	54563
603	0	54434
604	0	54400
605	0	54468
606	0	54414
607	0	54355
608	0	54393
609	0	54290
610	0	54352
611	0	54403
612	0	54583
613	0	54605
614	0	54658
615	0	54658
616	0	54605
617	0	54640
618	0	54595
619	0	54630
620	0	54618
621	0	54677
622	0	54675
623	0	54796
624	0	54851
625	0	54943
626	0	54834
627	0	54790
628	0	54641
629	0	54691
630	0	54716
631	0	54696
632	0	54637
633	0	54628
634	0	54535
635	0	54616
636	0	54750
637	0	54763
638	0	54835
639	0	54928
640	0	54954
641	0	54876
642	0	54828
643	0	54800
644	0	54799
645	0	54727
646	0	54715
647	0	54668
648	0	54690
649	0	54727
650	0	54587
651	0	54655
652	0	54663
653	0	54776
654	0	54639
655	0	54618
656	0	54595
657	0	54625
658	0	54694
659	0	54724
660	0	54630
661	0	54456
662	0	54439
663	0	54441
664	0	54371
665	0	54444
666	0	54427
667	0	54443
668	0	54515
669	0	54490
670	0	54475
671	0	54454
672	0	54465
673	0	54497
674	0	54493
675	0	54529
676	0	54380
677	0	54314
678	0	54253
679	0	54325
680	0	54242
681	0	54422
682	0	54382
683	0	54349
684	0	54318
685	0	54399
686	0	54381
687	0	54372
688	0	54352
689	0	54423
690	0	54433
691	0	54423
692	0	54356
693	0	54265
694	0	54501
695	0	54500
696	0	54459
697	0	54471
698	0	54438
699	0	54406
700	0	54489
701	0	54569
702	0	54550
703	0	54556
704	0	54431
705	0	54454
706	0	54322
707	0	54383
708	0	54401
709	0	54370
710	0	54280
711	0	54265
712	0	54273
713	0	54114
714	0	54115
715	0	54119
716	0	54190
